0,0.4447969543147208,0.05266497461928934,0.45590101522842635,0.75
1,0.5101522842639594,0.1681472081218274,0.49349619289340096,0.75
2,0.5101522842639594,0.13642131979695432,0.46970177664974616,0.75
3,0.5101522842639594,0.15228426395939088,0.4815989847715736,0.75
4,0.5101522842639594,0.14086294416243655,0.47303299492385786,0.75
5,0.5101522842639594,0.15862944162436549,0.48635786802030456,0.75
6,0.5348984771573604,0.08565989847715735,0.4130710659898478,0.75
7,0.5653553299492385,0.16687817258883247,0.45114213197969544,0.75
8,0.5653553299492385,0.08375634517766498,0.3888007614213198,0.75
9,0.5653553299492385,0.16370558375634517,0.44876269035532995,0.75
10,0.5653553299492385,0.1598984771573604,0.44590736040609136,0.75
11,0.5653553299492385,0.1947969543147208,0.47208121827411165,0.75
12,0.5958121827411168,0.1751269035532995,0.43448604060913704,0.75
13,0.5958121827411168,0.2131979695431472,0.4630393401015228,0.75
14,0.5958121827411168,0.19733502538071065,0.45114213197969544,0.75
15,0.5958121827411168,0.1649746192893401,0.42687182741116747,0.75
16,0.5958121827411168,0.20241116751269037,0.4549492385786802,0.75
17,0.5958121827411168,0.15228426395939088,0.4173540609137055,0.75
18,0.5958121827411168,0.18591370558375633,0.4425761421319796,0.75
19,0.5958121827411168,0.13769035532994925,0.4064086294416243,0.75
20,0.5958121827411168,0.07423857868020305,0.35881979695431465,0.75
21,0.5958121827411168,0.14657360406091371,0.41307106598984766,0.75
22,0.5958121827411168,0.15101522842639595,0.4164022842639593,0.75
23,0.5958121827411168,0.11928934010152284,0.3926078680203045,0.75
24,0.5958121827411168,0.17385786802030456,0.4335342639593908,0.75
25,0.5958121827411168,0.1319796954314721,0.40212563451776645,0.75
26,0.5958121827411168,0.16307106598984772,0.4254441624365482,0.75
27,0.5958121827411168,0.12626903553299493,0.39784263959390864,0.75
28,0.6091370558375635,0.2366751269035533,0.4706535532994923,0.75
29,0.6795685279187818,0.2468274111675127,0.42544416243654826,0.75
30,0.6795685279187818,0.2785532994923858,0.449238578680203,0.75
31,0.6795685279187818,0.22525380710659898,0.4092639593908629,0.75
32,0.6795685279187818,0.1649746192893401,0.36405456852791873,0.75
33,0.6795685279187818,0.33756345177664976,0.493496192893401,0.75
34,0.6795685279187818,0.1484771573604061,0.35168147208121825,0.75
35,0.6795685279187818,0.24873096446700507,0.42687182741116747,0.75
36,0.6795685279187818,0.21890862944162437,0.40450507614213194,0.75
37,0.6795685279187818,0.2506345177664975,0.4282994923857868,0.75
38,0.6795685279187818,0.35152284263959394,0.5039657360406091,0.75
39,0.6795685279187818,0.19923857868020303,0.3897525380710659,0.75
40,0.6795685279187818,0.26078680203045684,0.4359137055837563,0.75
41,0.6795685279187818,0.2366751269035533,0.41782994923857864,0.75
42,0.6795685279187818,0.2315989847715736,0.4140228426395939,0.75
43,0.6795685279187818,0.16434010152284265,0.3635786802030456,0.75
44,0.6795685279187818,0.3166243654822335,0.47779187817258884,0.75
45,0.6795685279187818,0.36484771573604063,0.5139593908629442,0.75
46,0.6954314720812182,0.22144670050761422,0.394511421319797,0.75
47,0.6954314720812182,0.17639593908629442,0.3607233502538071,0.75
48,0.6954314720812182,0.3426395939086294,0.48540609137055835,0.75
49,0.6954314720812182,0.19606598984771573,0.3754758883248731,0.75
50,0.6954314720812182,0.24809644670050762,0.41449873096446704,0.75
51,0.6954314720812182,0.20621827411167512,0.3830901015228427,0.75
52,0.6954314720812182,0.3369289340101523,0.48112309644670054,0.75
53,0.7062182741116751,0.23413705583756345,0.3959390862944162,0.75
54,0.7062182741116751,0.13959390862944163,0.32503172588832485,0.75
55,0.7062182741116751,0.19860406091370558,0.36928934010152287,0.75
56,0.7062182741116751,0.2315989847715736,0.39403553299492383,0.75
57,0.7062182741116751,0.2569796954314721,0.4130710659898477,0.75
58,0.7062182741116751,0.15228426395939088,0.3345494923857868,0.75
59,0.7062182741116751,0.23413705583756345,0.3959390862944162,0.75
60,0.7062182741116751,0.2519035532994924,0.4092639593908629,0.75
61,0.7062182741116751,0.2982233502538071,0.4440038071065989,0.75
62,0.7062182741116751,0.26776649746192893,0.42116116751269034,0.75
63,0.7062182741116751,0.24428934010152284,0.4035532994923857,0.75
64,0.7062182741116751,0.37944162436548223,0.5049175126903553,0.75
65,0.7062182741116751,0.21192893401015228,0.37928299492385786,0.75
66,0.7131979695431472,0.28045685279187815,0.42544416243654826,0.75
67,0.7131979695431472,0.3001269035532995,0.4401967005076143,0.75
68,0.7131979695431472,0.18781725888324874,0.35596446700507617,0.75
69,0.7131979695431472,0.1967005076142132,0.3626269035532995,0.75
70,0.7131979695431472,0.43908629441624364,0.5444162436548223,0.75
71,0.7131979695431472,0.46256345177664976,0.562024111675127,0.75
72,0.7131979695431472,0.16878172588832488,0.34168781725888325,0.75
73,0.7131979695431472,0.12880710659898478,0.31170685279187815,0.75
74,0.7131979695431472,0.31852791878172587,0.45399746192893403,0.75
75,0.7131979695431472,0.3401015228426396,0.4701776649746193,0.75
76,0.7131979695431472,0.17385786802030456,0.34549492385786806,0.75
77,0.7131979695431472,0.2639593908629442,0.4130710659898478,0.75
78,0.7131979695431472,0.23857868020304568,0.3940355329949239,0.75
79,0.7347715736040609,0.3680203045685279,0.4749365482233503,0.75
80,0.7347715736040609,0.3680203045685279,0.4749365482233503,0.75
81,0.7347715736040609,0.25317258883248733,0.38880076142131986,0.75
82,0.7347715736040609,0.24873096446700507,0.38546954314720816,0.75
83,0.7347715736040609,0.3737309644670051,0.47921954314720816,0.75
84,0.7347715736040609,0.23730964467005075,0.37690355329949243,0.75
85,0.7347715736040609,0.3052030456852792,0.42782360406091374,0.75
86,0.7347715736040609,0.21446700507614214,0.359771573604061,0.75
87,0.7347715736040609,0.22906091370558376,0.3707170050761422,0.75
88,0.7347715736040609,0.35913705583756345,0.46827411167512695,0.75
89,0.7347715736040609,0.27093908629441626,0.40212563451776656,0.75
90,0.7347715736040609,0.2563451776649746,0.3911802030456853,0.75
91,0.7347715736040609,0.28616751269035534,0.4135469543147209,0.75
92,0.7347715736040609,0.32741116751269034,0.4444796954314721,0.75
93,0.7347715736040609,0.37817258883248733,0.48255076142131986,0.75
94,0.7347715736040609,0.2836294416243655,0.41164340101522845,0.75
95,0.7347715736040609,0.3039340101522843,0.4268718274111676,0.75
96,0.7347715736040609,0.40418781725888325,0.5020621827411168,0.75
97,0.7347715736040609,0.4206852791878173,0.5144352791878173,0.75
98,0.7347715736040609,0.1218274111675127,0.2902918781725889,0.75
99,0.7411167512690355,0.19543147208121828,0.34073604060913704,0.75
100,0.7411167512690355,0.2760152284263959,0.4011738578680203,0.75
101,0.7411167512690355,0.28743654822335024,0.409739847715736,0.75
102,0.7411167512690355,0.24936548223350255,0.38118654822335024,0.75
103,0.7449238578680203,0.26015228426395937,0.3864213197969543,0.75
104,0.7449238578680203,0.2715736040609137,0.39498730964467005,0.75
105,0.7576142131979695,0.25317258883248733,0.3716687817258884,0.75
106,0.7576142131979695,0.2817258883248731,0.39308375634517767,0.75
107,0.7576142131979695,0.1618020304568528,0.3031408629441625,0.75
108,0.7626903553299492,0.25380710659898476,0.36833756345177665,0.75
109,0.7626903553299492,0.4606598984771574,0.5234771573604061,0.75
110,0.7626903553299492,0.16751269035532995,0.3036167512690356,0.75
111,0.7626903553299492,0.24809644670050762,0.36405456852791884,0.75
112,0.7722081218274112,0.3686548223350254,0.4473350253807107,0.75
113,0.7722081218274112,0.3153553299492386,0.4073604060913706,0.75
114,0.7722081218274112,0.17258883248730963,0.30028553299492383,0.75
115,0.7722081218274112,0.3280456852791878,0.4168781725888325,0.75
116,0.7722081218274112,0.44416243654822335,0.5039657360406091,0.75
117,0.7722081218274112,0.39784263959390864,0.4692258883248731,0.75
118,0.7722081218274112,0.25444162436548223,0.3616751269035533,0.75
119,0.7722081218274112,0.23223350253807107,0.34501903553299496,0.75
120,0.7722081218274112,0.30076142131979694,0.3964149746192893,0.75
121,0.7722081218274112,0.27982233502538073,0.3807106598984772,0.75
122,0.7722081218274112,0.2684010152284264,0.37214467005076146,0.75
123,0.7722081218274112,0.27918781725888325,0.3802347715736041,0.75
124,0.7722081218274112,0.3293147208121827,0.41782994923857864,0.75
125,0.7722081218274112,0.24175126903553298,0.35215736040609136,0.75
126,0.7722081218274112,0.42576142131979694,0.4901649746192893,0.75
127,0.7722081218274112,0.22208121827411167,0.33740482233502533,0.75
128,0.7722081218274112,0.2512690355329949,0.35929568527918776,0.75
129,0.7836294416243654,0.28553299492385786,0.3764276649746193,0.75
130,0.7836294416243654,0.5025380710659898,0.5391814720812182,0.75
131,0.7836294416243654,0.46446700507614214,0.5106281725888325,0.75
132,0.7887055837563451,0.16878172588832488,0.28505710659898476,0.75
133,0.7887055837563451,0.25888324873096447,0.35263324873096447,0.75
134,0.7887055837563451,0.3464467005076142,0.4183058375634518,0.75
135,0.7887055837563451,0.2684010152284264,0.359771573604061,0.75
136,0.7887055837563451,0.2626903553299492,0.35548857868020306,0.75
137,0.7887055837563451,0.2684010152284264,0.359771573604061,0.75
138,0.7931472081218274,0.633248730964467,0.6300761421319797,0.75
139,0.8058375634517766,0.3883248730964467,0.4368654822335026,0.75
