0,0.4663705583756345,0.06408629441624365,0.44828680203045684,0.45114213197969544
1,0.4733502538071066,0.1814720812182741,0.5310913705583756,0.39593908629441626
2,0.47779187817258884,0.25951776649746194,0.5862944162436549,0.35913705583756345
3,0.47779187817258884,0.23604060913705585,0.5686865482233503,0.3708756345177665
4,0.48350253807106597,0.1782994923857868,0.5210977157360406,0.4026015228426396
5,0.48350253807106597,0.13007614213197968,0.48493020304568524,0.42671319796954316
6,0.5177664974619289,0.23477157360406092,0.537753807106599,0.391497461928934
7,0.5177664974619289,0.24175126903553298,0.5429885786802031,0.38800761421319796
8,0.5177664974619289,0.1751269035532995,0.49302030456852797,0.4213197969543147
9,0.5177664974619289,0.2899746192893401,0.5791560913705583,0.3638959390862944
10,0.5177664974619289,0.4517766497461929,0.700507614213198,0.282994923857868
11,0.5234771573604061,0.1802030456852792,0.49254441624365486,0.42163705583756345
12,0.5234771573604061,0.0850253807106599,0.42116116751269034,0.4692258883248731
13,0.5298223350253807,0.2430203045685279,0.5348984771573604,0.3934010152284264
14,0.5298223350253807,0.2696700507614213,0.5548857868020305,0.3800761421319797
15,0.5298223350253807,0.19416243654822335,0.498255076142132,0.41782994923857864
16,0.5298223350253807,0.15736040609137056,0.47065355329949243,0.43623096446700504
17,0.5348984771573604,0.217005076142132,0.5115799492385786,0.40894670050761417
18,0.5355329949238579,0.19225888324873097,0.49254441624365486,0.42163705583756345
19,0.5355329949238579,0.24873096446700507,0.5348984771573604,0.3934010152284264
20,0.6072335025380711,0.23857868020304568,0.47350888324873097,0.4343274111675127
21,0.6192893401015228,0.20431472081218274,0.43876903553299496,0.45748730964467005
22,0.6192893401015228,0.0901015228426396,0.3531091370558376,0.5145939086294415
23,0.6192893401015228,0.1681472081218274,0.41164340101522845,0.4755710659898477
24,0.6192893401015228,0.3343908629441624,0.5363261421319797,0.3924492385786802
25,0.6402284263959391,0.27411167512690354,0.4754124365482233,0.43305837563451777
26,0.6402284263959391,0.3293147208121827,0.5168147208121827,0.4054568527918782
27,0.6402284263959391,0.18274111675126903,0.4068845177664974,0.47874365482233505
28,0.6402284263959391,0.2131979695431472,0.429727157360406,0.463515228426396
29,0.6402284263959391,0.2645939086294416,0.46827411167512684,0.43781725888324874
30,0.6522842639593909,0.21446700507614214,0.42163705583756345,0.46890862944162437
31,0.6522842639593909,0.21637055837563451,0.4230647208121827,0.46795685279187815
32,0.6522842639593909,0.39403553299492383,0.5563134517766497,0.3791243654822335
33,0.6522842639593909,0.40545685279187815,0.5648794416243654,0.37341370558375636
34,0.6522842639593909,0.24048223350253808,0.4411484771573604,0.4559010152284264
35,0.6522842639593909,0.2633248730964467,0.45828045685279184,0.4444796954314721
36,0.6522842639593909,0.30076142131979694,0.48635786802030456,0.425761421319797
37,0.6522842639593909,0.5767766497461929,0.6933692893401016,0.287753807106599
38,0.6522842639593909,0.16053299492385786,0.38118654822335024,0.4958756345177665
39,0.6522842639593909,0.11294416243654823,0.34549492385786806,0.5196700507614214
40,0.6522842639593909,0.30456852791878175,0.48921319796954316,0.42385786802030456
41,0.6814720812182741,0.2550761421319797,0.43020304568527923,0.4631979695431472
42,0.6814720812182741,0.42449238578680204,0.5572652284263959,0.378489847715736
43,0.6814720812182741,0.1833756345177665,0.3764276649746193,0.4990482233502538
44,0.6814720812182741,0.3381979695431472,0.49254441624365486,0.42163705583756345
45,0.6814720812182741,0.4593908629441624,0.5834390862944163,0.3610406091370558
46,0.6814720812182741,0.3280456852791878,0.4849302030456853,0.4267131979695431
47,0.6814720812182741,0.4029187817258883,0.5410850253807107,0.3892766497461929
48,0.6814720812182741,0.3889593908629442,0.5306154822335025,0.39625634517766495
49,0.6814720812182741,0.375,0.5201459390862945,0.40323604060913704
50,0.6814720812182741,0.1281725888324873,0.3350253807106599,0.5266497461928934
51,0.6814720812182741,0.18972081218274112,0.3811865482233503,0.4958756345177665
52,0.6846446700507615,0.4980964467005076,0.6100888324873096,0.3432741116751269
53,0.6846446700507615,0.6814720812182741,0.7476205583756345,0.2515862944162437
54,0.6846446700507615,0.24492385786802032,0.4202093908629441,0.4698604060913706
55,0.6846446700507615,0.1713197969543147,0.3650063451776649,0.5066624365482234
56,0.6846446700507615,0.2569796954314721,0.42925126903553296,0.46383248730964466
57,0.6846446700507615,0.43147208121827413,0.5601205583756346,0.3765862944162437
58,0.6846446700507615,0.44225888324873097,0.5682106598984771,0.37119289340101524
59,0.6846446700507615,0.22525380710659898,0.40545685279187815,0.47969543147208127
60,0.6846446700507615,0.3115482233502538,0.4701776649746192,0.43654822335025384
61,0.6846446700507615,0.4365482233502538,0.5639276649746192,0.37404822335025384
62,0.6846446700507615,0.32423857868020306,0.4796954314720812,0.43020304568527923
63,0.6846446700507615,0.15038071065989847,0.3493020304568527,0.5171319796954315
64,0.6846446700507615,0.27284263959390864,0.4411484771573604,0.4559010152284264
65,0.6846446700507615,0.4784263959390863,0.5953362944162437,0.3531091370558376
66,0.6846446700507615,0.34073604060913704,0.4920685279187817,0.42195431472081224
67,0.6846446700507615,0.2519035532994924,0.4254441624365482,0.46637055837563457
68,0.6846446700507615,0.2715736040609137,0.44019670050761417,0.4565355329949239
69,0.6846446700507615,0.27284263959390864,0.4411484771573604,0.4559010152284264
70,0.6846446700507615,0.4651015228426396,0.5853426395939086,0.3597715736040609
71,0.6846446700507615,0.5545685279187818,0.6524428934010152,0.31503807106598986
72,0.6846446700507615,0.3616751269035533,0.5077728426395939,0.4114847715736041
73,0.6846446700507615,0.17893401015228427,0.37071700507614214,0.5028553299492386
74,0.6846446700507615,0.4397208121827411,0.5663071065989848,0.3724619289340102
75,0.6846446700507615,0.29885786802030456,0.4606598984771573,0.44289340101522845
76,0.6846446700507615,0.25317258883248733,0.4263959390862944,0.4657360406091371
77,0.6846446700507615,0.2969543147208122,0.45923223350253806,0.44384517766497467
78,0.6846446700507615,0.41053299492385786,0.5444162436548223,0.3870558375634518
79,0.6846446700507615,0.3902284263959391,0.5291878172588832,0.39720812182741116
80,0.6846446700507615,0.45114213197969544,0.5748730964467005,0.366751269035533
81,0.6846446700507615,0.41751269035532995,0.5496510152284264,0.3835659898477157
82,0.6846446700507615,0.24048223350253808,0.4168781725888324,0.4720812182741117
83,0.6846446700507615,0.2652284263959391,0.4354378172588832,0.45970812182741116
84,0.6846446700507615,0.4200507614213198,0.5515545685279187,0.3822969543147208
85,0.6846446700507615,0.46890862944162437,0.5881979695431472,0.35786802030456855
86,0.6846446700507615,0.3604060913705584,0.5068210659898478,0.41211928934010156
87,0.6846446700507615,0.2569796954314721,0.42925126903553296,0.46383248730964466
88,0.6846446700507615,0.28109137055837563,0.4473350253807106,0.4517766497461929
89,0.6846446700507615,0.45748730964467005,0.5796319796954315,0.36357868020304573
90,0.6846446700507615,0.141497461928934,0.3426395939086294,0.5215736040609138
91,0.6846446700507615,0.10406091370558376,0.31456218274111675,0.5402918781725888
92,0.6846446700507615,0.4206852791878173,0.5520304568527918,0.3819796954314721
93,0.6846446700507615,0.4270304568527919,0.5567893401015228,0.37880710659898476
94,0.6846446700507615,0.2684010152284264,0.43781725888324874,0.4581218274111675
95,0.6846446700507615,0.1598984771573604,0.3564403553299492,0.5123730964467006
96,0.6846446700507615,0.35786802030456855,0.5049175126903553,0.41338832487309646
97,0.6846446700507615,0.47779187817258884,0.5948604060913705,0.3534263959390863
98,0.6846446700507615,0.6846446700507615,0.75,0.25
99,0.6846446700507615,0.1681472081218274,0.3626269035532994,0.508248730964467
100,0.6846446700507615,0.20939086294416243,0.3935596446700507,0.4876269035532995
101,0.6846446700507615,0.20621827411167512,0.39118020304568524,0.48921319796954316
102,0.6846446700507615,0.4543147208121827,0.5772525380710659,0.3651649746192894
103,0.6846446700507615,0.35088832487309646,0.49968274111675126,0.41687817258883253
104,0.6846446700507615,0.1833756345177665,0.3740482233502538,0.5006345177664975
105,0.6846446700507615,0.4149746192893401,0.547747461928934,0.3848350253807107
106,0.6846446700507615,0.4733502538071066,0.5915291878172588,0.35564720812182743
107,0.6846446700507615,0.16751269035532995,0.3621510152284264,0.5085659898477157
108,0.6846446700507615,0.25951776649746194,0.43115482233502533,0.46256345177664976
109,0.6846446700507615,0.4003807106598985,0.5368020304568528,0.39213197969543145
110,0.6846446700507615,0.6846446700507615,0.75,0.25
111,0.6846446700507615,0.4003807106598985,0.5368020304568528,0.39213197969543145
112,0.6846446700507615,0.15926395939086294,0.3559644670050761,0.5126903553299493
113,0.6846446700507615,0.16941624365482233,0.3635786802030456,0.5076142131979695
114,0.6846446700507615,0.6846446700507615,0.75,0.25
115,0.6846446700507615,0.4784263959390863,0.5953362944162437,0.3531091370558376
116,0.6846446700507615,0.1681472081218274,0.3626269035532994,0.508248730964467
117,0.6846446700507615,0.24873096446700507,0.4230647208121827,0.4679568527918782
118,0.6846446700507615,0.30647208121827413,0.4663705583756345,0.4390862944162437
119,0.6846446700507615,0.47779187817258884,0.5948604060913705,0.3534263959390863
120,0.6846446700507615,0.23286802030456852,0.41116751269035534,0.47588832487309646
121,0.6846446700507615,0.20241116751269037,0.3883248730964467,0.49111675126903553
122,0.6846446700507615,0.20748730964467005,0.39213197969543145,0.48857868020304573
123,0.6846446700507615,0.45875634517766495,0.5805837563451777,0.36294416243654826
124,0.6846446700507615,0.45685279187817257,0.5791560913705583,0.3638959390862945
125,0.6846446700507615,0.26078680203045684,0.43210659898477155,0.46192893401015234
126,0.6846446700507615,0.35786802030456855,0.5049175126903553,0.41338832487309646
127,0.6846446700507615,0.2296954314720812,0.4087880710659898,0.4774746192893401
128,0.6846446700507615,0.17576142131979697,0.36833756345177665,0.5044416243654822
129,0.6846446700507615,0.2633248730964467,0.43401015228426393,0.4606598984771574
130,0.6846446700507615,0.4847715736040609,0.6000951776649746,0.3499365482233503
131,0.6846446700507615,0.35850253807106597,0.5053934010152283,0.4130710659898478
132,0.6846446700507615,0.2131979695431472,0.3964149746192893,0.48572335025380714
133,0.6846446700507615,0.20304568527918782,0.38880076142131975,0.4907994923857868
134,0.6846446700507615,0.4263959390862944,0.5563134517766497,0.3791243654822335
135,0.6846446700507615,0.4333756345177665,0.5615482233502538,0.3756345177664975
136,0.6846446700507615,0.4593908629441624,0.5810596446700507,0.3626269035532995
137,0.6846446700507615,0.6846446700507615,0.75,0.25
138,0.6846446700507615,0.6846446700507615,0.75,0.25
139,0.6846446700507615,0.17258883248730963,0.3659581218274111,0.5060279187817259
140,0.6846446700507615,0.15609137055837563,0.3535850253807106,0.5142766497461929
141,0.6846446700507615,0.23286802030456852,0.41116751269035534,0.47588832487309646
142,0.6846446700507615,0.2563451776649746,0.42877538071065985,0.4641497461928934
143,0.6846446700507615,0.18527918781725888,0.37547588832487305,0.49968274111675126
144,0.6846446700507615,0.3597715736040609,0.5063451776649746,0.4124365482233503
145,0.6884517766497462,0.4536802030456853,0.5739213197969544,0.3673857868020305
146,0.6884517766497462,0.21129441624365483,0.39213197969543145,0.4885786802030457
147,0.6884517766497462,0.4302030456852792,0.5563134517766497,0.3791243654822335
148,0.6884517766497462,0.4479695431472081,0.5696383248730964,0.37024111675126903
149,0.6884517766497462,0.41814720812182743,0.547271573604061,0.3851522842639594
150,0.6884517766497462,0.2131979695431472,0.3935596446700507,0.4876269035532995
151,0.6884517766497462,0.21890862944162437,0.39784263959390864,0.4847715736040609
152,0.6884517766497462,0.13705583756345177,0.3364530456852791,0.5256979695431472
153,0.6884517766497462,0.4149746192893401,0.5448921319796954,0.38673857868020306
154,0.6884517766497462,0.2626903553299492,0.4306789340101522,0.4628807106598985
155,0.6884517766497462,0.3483502538071066,0.4949238578680203,0.4200507614213198
156,0.6884517766497462,0.27093908629441626,0.4368654822335025,0.45875634517766495
157,0.6884517766497462,0.2696700507614213,0.4359137055837563,0.4593908629441624
158,0.6884517766497462,0.25317258883248733,0.4235406091370558,0.4676395939086294
159,0.6884517766497462,0.24048223350253808,0.4140228426395939,0.4739847715736041
160,0.6884517766497462,0.28743654822335024,0.449238578680203,0.45050761421319796
161,0.6884517766497462,0.6884517766497462,0.75,0.25
162,0.6884517766497462,0.5437817258883249,0.641497461928934,0.3223350253807107
163,0.6884517766497462,0.22398477157360405,0.4016497461928934,0.48223350253807107
164,0.6884517766497462,0.08756345177664974,0.2993337563451776,0.5504441624365483
165,0.6884517766497462,0.25571065989847713,0.4254441624365482,0.46637055837563457
166,0.6884517766497462,0.47906091370558374,0.5929568527918782,0.35469543147208127
167,0.6884517766497462,0.366751269035533,0.5087246192893401,0.4108502538071066
168,0.6884517766497462,0.47906091370558374,0.5929568527918782,0.35469543147208127
169,0.6884517766497462,0.4416243654822335,0.5648794416243654,0.37341370558375636
170,0.6884517766497462,0.1453045685279188,0.34263959390862947,0.5215736040609137
171,0.6884517766497462,0.24809644670050762,0.41973350253807107,0.4701776649746193
172,0.6884517766497462,0.4720812182741117,0.5877220812182742,0.3581852791878173
173,0.6884517766497462,0.2563451776649746,0.4259200507614213,0.46605329949238583
174,0.6884517766497462,0.3223350253807107,0.47541243654822335,0.43305837563451777
175,0.6884517766497462,0.37055837563451777,0.5115799492385786,0.4089467005076142
176,0.6884517766497462,0.24555837563451777,0.41782994923857864,0.4714467005076142
177,0.6884517766497462,0.42258883248730966,0.5506027918781726,0.38293147208121825
178,0.6884517766497462,0.3362944162436548,0.48588197969543145,0.42607868020304573
179,0.6884517766497462,0.258248730964467,0.4273477157360406,0.4651015228426396
180,0.6884517766497462,0.6579949238578681,0.7271573604060914,0.2652284263959391
181,0.6884517766497462,0.506979695431472,0.6138959390862944,0.3407360406091371
182,0.6884517766497462,0.22525380710659898,0.40260152284263956,0.4815989847715736
183,0.6884517766497462,0.14022842639593908,0.3388324873096446,0.5241116751269036
184,0.6884517766497462,0.33121827411167515,0.4820748730964467,0.42861675126903553
185,0.6884517766497462,0.46573604060913704,0.5829631979695431,0.36135786802030456
186,0.6884517766497462,0.2550761421319797,0.42496827411167515,0.46668781725888325
187,0.6884517766497462,0.2100253807106599,0.39118020304568524,0.48921319796954316
188,0.6884517766497462,0.47017766497461927,0.5862944162436547,0.3591370558375635
189,0.6884517766497462,0.31091370558375636,0.4668464467005076,0.43876903553299496
190,0.6884517766497462,0.23286802030456852,0.40831218274111675,0.47779187817258884
191,0.6884517766497462,0.13071065989847716,0.33169416243654826,0.5288705583756346
192,0.6884517766497462,0.45621827411167515,0.5758248730964467,0.36611675126903553
193,0.6884517766497462,0.2430203045685279,0.41592639593908626,0.4727157360406091
194,0.6884517766497462,0.25951776649746194,0.4282994923857868,0.46446700507614214
195,0.6884517766497462,0.2918781725888325,0.4525697969543147,0.4482868020304569
196,0.690989847715736,0.49555837563451777,0.6034263959390863,0.3477157360406091
197,0.690989847715736,0.48286802030456855,0.5939086294416244,0.35406091370558374
198,0.690989847715736,0.1116751269035533,0.31551395939086296,0.5396573604060914
199,0.690989847715736,0.21256345177664976,0.3911802030456853,0.4892131979695431
